STARLINK-30604

1 58075U 23160A   26088.01703456  .00003466  00000+0  13539-3 0  9999

2 58075  43.0017 328.5699 0001457 271.2034  88.8651 15.27584183135908

OBJECT M

1 61905U 24205M   26088.18842189  .00009973  00000+0  36740-3 0  9999

2 61905  97.3892 163.2858 0004155 215.7710 144.3252 15.28017579 76281

GONETS-M 21

1 47228U 20091B   26088.20716253  .00000041  00000+0  22712-3 0  9996

2 47228  82.5022 350.9139 0015382  12.4985 347.6473 12.42882051241130

OBJECT E

1 47252U 20091E   26088.20716259  .00000054  00000+0  31946-3 0  9992

2 47252  82.5022 350.9139 0015407  12.5169 347.6291 12.42882157240178

