0 CSS (TIANHE-1)

1 48274U 21035A   26087.97092897  .00015046  00000-0  17362-3 0  9998

2 48274  41.4668  90.7542 0003972  51.5615 308.5580 15.61596075280629

0 ISS (ZARYA)

1 25544U 98067A   26088.13267411  .00012260  00000-0  23326-3 0  9999

2 25544  51.6344 336.2407 0006215 245.2164 114.8178 15.48624340559341

0 CHINASAT 32 (BEIDOU 1)

1 26599U 00069A   26087.87967818  .00000016  00000-0  00000+0 0  9999

2 26599  12.2180  32.9086 0011162 337.6404  23.7573  0.98905149 92398

0 CHINASAT 31 (BEIDOU 1B)

1 26643U 00082A   26087.81459610 -.00000145  00000-0  00000-0 0  9999

2 26643  12.4785  27.9172 0076996  85.1916 289.8932  0.99250576 51285

0 BEIDOU 2

1 31115U 07011A   26086.62334465 -.00000020  00000-0  00000+0 0  9997

2 31115  50.9604 221.9879 0001952  29.0034 330.9599  1.77349210 74700

0 STARLINK-3809

1 52851U 22062X   26087.84656822  .00000135  00000-0  26593-4 0  9995

2 52851  53.2178 298.1222 0001309  93.9582 266.1560 15.08840327208817

0 OBJECT T

1 43775U 18099T   26088.09467981  .00003962  00000-0  25041-3 0  9996

2 43775  97.4307 134.8274 0004410 230.5497 129.5343 15.09589511400236

0 GONETS M 21

1 47228U 20091B   26088.20716253  .00000041  00000-0  22712-3 0  9997

2 47228  82.5022 350.9139 0015382  12.4985 347.6473 12.42882051241130

0 OBJECT E

1 47252U 20091E   26088.20716259  .00000054  00000-0  31946-3 0  9993

2 47252  82.5022 350.9139 0015407  12.5169 347.6291 12.42882157240178

0 PUNCH-NFI00

1 63178U 25047A   26088.01373739  .00000694  00000-0  11133-3 0  9991

2 63178  97.9568 274.8949 0012239  59.9803 300.2618 14.74680041 56269

0 CZ-4 DEB

1 26123U 99057K   26087.75211375  .00002569  00000-0  45608-3 0  9996

2 26123  98.6674  95.6356 0054708 157.4107 202.9522 14.67196018378710

0 OBJECT B

1 61895U 24205B   26088.17304904  .00015161  00000-0  54588-3 0  9991

2 61895  97.4173 166.0398 0008977 323.2120  36.8503 15.28639159 76455

0 STARLINK-36507

1 67409U 26005F   26088.10871328  .00026190  00000-0  95749-3 0  9998

2 67409  43.0025 128.5506 0001378 265.6504  94.4190 15.27593389 11669

0 FENGYUN 1C DEB

1 37926U 99025EPB 26088.13562352  .00002999  00000-0  12829-2 0  9996

2 37926  98.7105 155.5386 0051206 272.0177 117.3758 14.24980931757857

0 FENGYUN 1C DEB

1 37927U 99025EPC 26085.17318592  .00026334  00000-0  35925-2 0  9994

2 37927  98.8099 242.9386 0005864 281.7849  78.2701 14.78599919666419

0 FENGYUN 1C DEB

1 37928U 99025EPD 26087.62464121  .00001655  00000-0  55048-3 0  9995

2 37928  98.9056 331.0325 0072989  80.6962 280.2468 14.37562852827135

0 CHUANG XIN 1-03

1 37930U 11068A   26088.16181476  .00000114  00000-0  60835-4 0  9998

2 37930  98.7054 105.7104 0014852 355.9322  91.3492 14.30520105749216

0 SHIYAN 4 (SY-4)

1 37931U 11068B   26088.04583049  .00000184  00000-0  86602-4 0  9995

2 37931  98.7019 106.9735 0023327  23.8441  35.8431 14.31097010747434

0 CZ-2D R/B

1 37932U 11068C   26088.16813455  .00000185  00000-0  10165-3 0  9997

2 37932  98.8820  42.9415 0037423 128.4568 244.1580 14.22998996745109

0 ASIASAT 7

1 37933U 11069A   26088.06471139 -.00000353  00000-0  00000+0 0  9998

2 37933   0.0122 227.8808 0001438 132.9672 314.4203  1.00270334 44053

0 BREEZE-M R/B

1 37934U 11069B   26088.11523824 -.00000155  00000-0  00000+0 0  9994

2 37934   1.3802  35.3898 3802031 327.0809 261.3709  1.71597319 88641

0 BREEZE-M DEB (TANK)

1 37935U 11069C   26087.64130758  .00004856  00000-0  18770-2 0  9999

2 37935  48.4059  85.2711 7231067 143.5429 299.6272  2.33421489119180

0 COSMOS 2478 (GLONASS)

1 37938U 11071A   26086.27266830 -.00000029  00000-0  00000+0 0  9997

2 37938  65.5088 317.6299 0016014 219.5827 140.9606  2.13015566111409

0 FREGAT R/B

1 37939U 11071B   26087.03605861 -.00000045  00000-0  00000-0 0  9993

2 37939  65.6960 324.9349 0073587  83.3899  95.3132  2.09024567109399

0 BEIDOU 10

1 37948U 11073A   26087.49184589 -.00000156  00000-0  00000-0 0  9997

2 37948  47.8262 272.5386 0109315 220.7131 324.4481  1.00266601 52320

0 AMOS 5

1 37950U 11074A   26087.92214501 -.00000339  00000-0  00000+0 0  9999

2 37950   8.6306  61.6182 0002249 319.4720 242.9395  1.00188842 52199

0 LUCH 5A

1 37951U 11074B   26087.79170778 -.00000063  00000-0  00000-0 0  9997

2 37951   8.5510  74.9754 0003232 271.7532 291.4452  1.00269816 52242

0 BREEZE-M R/B

1 37952U 11074C   26087.85159806 -.00000186  00000-0  00000-0 0  9990

2 37952  11.1906  50.8792 0796642 178.7181  10.7863  0.89625473 46429

0 COSMOS 2251 DEB

1 37959U 93036BPJ 26088.08887834  .00002865  00000-0  60456-3 0  9999

2 37959  74.0101 214.1538 0058150 328.2936 209.7372 14.58836150816774

0 COSMOS 2251 DEB

1 37960U 93036BPK 26084.78408515  .00001364  00000-0  61547-3 0  9994

2 37960  74.0618   6.2414 0245897   0.0949   0.0191 14.08302524788561

0 COSMOS 2251 DEB

1 37961U 93036BPL 26083.58412450  .00003087  00000-0  65694-3 0  9996

2 37961  74.0396 303.2836 0038843 356.9744   3.1179 14.58992817815500

0 COSMOS 2251 DEB

1 37966U 93036BPR 26084.15726072  .00107037  00000-0  35642-2 0  9992

2 37966  73.9796  14.9872 0017349 196.8268 163.2362 15.30483413868983

0 COSMOS 2251 DEB

1 37967U 93036BPS 26087.83817553  .00004778  00000-0  12917-2 0  9994

2 37967  74.0144 300.6257 0148073  54.2894 307.1934 14.41709593662646

0 COSMOS 2251 DEB

1 37968U 93036BPT 26087.57951203  .00010750  00000-0  74656-3 0  9993

2 37968  73.9990  54.8801 0076477 146.4448 214.1620 15.03228737618087

0 COSMOS 2251 DEB

1 37971U 93036BPW 26087.01529307  .00007082  00000-0  17767-2 0  9995

2 37971  73.9920 203.6927 0066959 314.9215  44.6523 14.50151900622031

0 COSMOS 2251 DEB

1 37975U 93036BQA 26087.36172586  .00019672  00000-0  23608-2 0  9999

2 37975  73.9983 115.8508 0076483  78.5043 282.4710 14.81874046713070

0 COSMOS 2251 DEB

1 37985U 93036BQL 26084.34963673  .00000092  00000-0  41018-4 0  9993

2 37985  74.0231  77.3959 0021508 181.6249 178.4838 14.35517173663896

0 COSMOS 2251 DEB

1 37988U 93036BQP 26088.22863303  .00007633  00000-0  12275-2 0  9995

2 37988  74.0615 177.9781 0062475 190.8195 169.1638 14.70404615249604

0 COSMOS 2251 DEB

1 37993U 93036BQU 26086.93729098  .00004308  00000-0  87427-3 0  9997

2 37993  74.0236 325.7847 0019266  29.8612 330.3649 14.61383831668537

0 HAWK-10A

1 60540U 24149CA  26090.20030639  .00002292  00000-0  20810-3 0  9994

2 60540  97.6920 167.4557 0002932 352.9347   7.1833 14.96260752 88329

0 PEGASUS DEB

1 24007U 94029BC  26090.23576205  .00003981  00000-0  28249-3 0  9993

2 24007  81.9237 347.8874 0063738 131.8542 355.0941 15.02823021613187

0 OBJECT F

1 56748U 23072F   26088.21236711  .00012186  00000-0  42347-3 0  9992

2 56748  97.5167 285.2444 0004755 306.0456  54.0344 15.29883348157544

0 STARLINK-35431

1 66030U 25232AB  26088.09200796  .00024614  00000-0  84050-3 0  9993

2 66030  53.1597  13.9481 0000708  43.8048 316.3009 15.30196302 26409